
136
201
150
204
231
127
86
207
197
165
275
153
116
273
76
12
84
244
275
54
106
257
4
273
36
158
54
153
3
264
281
127
58
117
146
108
118
279
210
86
9
24
83
272
69
200
109
249
79
252
111
61
51
78
224
238
115
126
19
128
284
63
24
161
116
203
130
24
211
28
79
239
113
33
285
66
92
205
225
145
17
39
260
182
138
125
242
255
27
86
213
76
227
249
285
255
32
130
179
231
84
183
173
217
62
214
20
186
281
8
227
91
18
226
64
24
195
215
167
109
34
118
249
91
173
21
154
195
107
238
173
134
243
282
19
230
122
221
87
192
38
230
222
102
118
42
228
155
201
126
278
289
225
189
20
38
285
53
141
144
1
257
112
259
114
21
257
105
40
42
289
244
80
185
168
60
190
220
1
121
183
224
121
102
233
156
46
192
35
66
116
128
162
63
286
297
127
51
144
101
22
276
83
74
284
254
105
36
134
169
159
214
191
226
67
194
63
159
259
23
116
99
160
221
222
123
143
128
109
42
166
263
67
45
73
0
134
99
222
71
134
123
258
0
103
27
135
42
3
137
88
124
272
45
125
53
293
47
55
50
153
79
176
209
44
197
277
58
225
225
272
267
194
75
220
52
184
198
